1.2278 
1.4424 
1.0469 
1.1828 
1.3033 
1.6626 
1.4629 
1.3642 
1.2203 
1.3039 
1.2821 
1.3348 
1.2365 
1.3103 
1.4341 
1.4491 
1.2953 
1.2726 
1.2836 
1.2292 
1.2069 
1.2363 
1.1435 
1.1453 
1.2294 
1.2094 
1.4741 
1.5564 
1.5185 
1.3589 
1.5298 
1.3270 
1.3100 
1.3179 
1.3427 
1.5271 
1.3465 
1.4978 
1.5710 
1.4958 
1.2269 
1.2203 
1.1440 
1.1521 
1.2591 
1.2016 
1.2262 
1.2718 
1.2637 
1.2935 
1.4501 
1.4293 
1.2908 
1.2294 
1.3680 
1.2973 
1.3164 
1.2243 
1.3603 
1.4633 
1.6817 
1.3161 
1.2121 
1.1269 
1.4327 
1.1803 
