7.802134337587837365e+01
3.376186760259262201e+02
4.446941490131732166e+01
2.761339155158280789e+01
5.223596151287696330e+02
1.560151417637018767e+02
2.908955836924740765e+02
8.104758675149453211e+02
8.480418263085169883e+02
8.717439862954512364e+02
1.111582375776934896e+03
2.390062355946960508e+02
8.065045097412350970e+02
6.285983919835709912e+02
2.168812964106356958e+03
1.855355639489168425e+03
3.881361018756496719e+02
2.645031832726182301e+02
1.500779561410875260e+02
4.446750892305461775e+02
7.947022509055678086e+01
1.768244432021936632e+02
6.737798074824533501e+01
5.764785955859127142e+01
5.574262121659704690e+02
1.697244690380416898e+02
2.092858346996195564e+02
5.271255757088481886e+01
9.916594001326276953e+01
1.574612128342569974e+02
2.207069190618347250e+02
6.225758861128986155e+02
8.907403785033743304e+01
7.254455281148425172e+01
6.866166063442115046e+02
2.009540068937884882e+02
1.496939214275948586e+02
7.587788947266808748e+01
1.749419873595816455e+02
3.654829138377484696e+02
1.780495589197676054e+02
4.916223913297588979e+02
7.946667003321388734e+01
6.061510447015483294e+01
1.935779880097134651e+02
1.192265777139720910e+02
4.030008687626391861e+02
1.489177596975285667e+02
2.646194553294786260e+02
3.585328031312366761e+02
1.944658511296299366e+03
2.200047368908164117e+03
5.455509126619938343e+02
8.027221266422679946e+02
1.639509634649990346e+02
8.653688120006618192e+02
6.270310600363497997e+02
9.047479635153181334e+02
8.353853681401865288e+02
2.845398357164791605e+02
1.027418258779436258e+02
6.292776574027273000e+02
3.226649499987775016e+01
6.942634616732765096e+01
3.043768375495495206e+02
8.877199896319768868e+01
