1.084116895880194109e+00
1.893984948878191021e+00
4.776612757866419839e-02
5.729518259412819114e-01
7.267721973439870808e+00
1.471416789438323214e+00
1.871738849333693722e+01
2.026343173612920623e+01
3.805727158629238271e+00
1.615463711596651564e+01
6.477255732135169808e+00
2.378278433121088220e+00
6.304211529859689023e+00
3.713916211581400173e+00
1.712352258121676130e+01
2.051402081416537726e+01
1.190862057783042438e+01
1.012608378018858524e+01
6.548141234433916935e+00
4.720502436129451418e+00
2.915877221550748022e+00
1.647300607385588700e+00
9.707329839164557939e+00
8.086123445705506896e+00
9.298185711491779415e+00
3.622694338617677978e+00
3.276611662889423116e+01
1.467321691163296293e+02
1.211684102047152010e+02
8.698114868536631406e+00
1.115895946818138640e+01
1.636786952672193962e+01
1.104848273562249261e+01
8.296029715028209850e+00
1.242923326635587600e+01
9.133380790566675955e+00
1.520567103560913846e+00
1.108317585653006603e+02
1.213263060268664191e+02
4.137495364672176379e+00
2.301584669440958741e+00
1.178646639067165047e+01
6.536132929150164195e+00
7.797233838474558532e+00
2.124467501932032576e+01
7.214934833527318681e+00
9.568165096254507063e+00
1.372698940700533399e+01
1.497582510579346149e+01
1.587114500142192952e+01
2.525914069149453312e+01
2.174337992699869559e+01
4.098745119598660835e+00
6.803557785227305921e+00
3.309228953887019209e+00
8.599920042231310902e+00
1.882520041210400663e+01
3.739166045619583212e+00
2.381563253491658827e+01
1.369809027030866666e+01
1.514447402461493342e+00
6.881397615220805619e+00
2.322890809352404773e-01
8.404396924422399828e-02
4.523345529579095192e+00
8.829743811894980032e-01
