6.767955328174029379e-04
2.776528235759231043e-03
2.735070946037442539e-04
1.086591739986261806e-04
2.668576520060503537e-03
5.894534638215786744e-04
9.943715387883242558e-04
2.616744753650899341e-03
4.354668739888583467e-03
3.410878868676048628e-03
5.417578210386247636e-03
9.162504336059874507e-04
4.023837071220726959e-03
2.954904229072472747e-03
9.494756753263070004e-03
7.521858902848583411e-03
1.345484809684872624e-03
9.902361434977861605e-04
1.846218045699159194e-04
1.666732682776079794e-03
1.248161746426842446e-04
7.871244300806438899e-04
4.948936559729499429e-04
4.471425216007372480e-04
2.396080139328325004e-03
6.461562073315409854e-04
1.636287590282754691e-03
9.996113638137266166e-03
9.334460116407315364e-03
2.325533316306037206e-03
5.305052422245535833e-04
2.160874365084650139e-03
7.833766735257869165e-04
7.497506462540069966e-05
2.754073176946416832e-03
5.095317597227182454e-04
9.200630658330611602e-04
8.736945412377726886e-03
1.160456018305679182e-02
3.393422981132856921e-03
9.371926167045972148e-04
1.498452778322357029e-03
3.868085049507072109e-04
3.492023229377581948e-04
4.163506653586047240e-03
9.672697211300449859e-04
1.015274982111400272e-03
2.834708632491009673e-04
1.133339376389764109e-03
1.025076567190766992e-03
6.613136890616901770e-03
8.351482748913931220e-03
2.446654755557060856e-03
3.792722602146554947e-03
4.621375545780460263e-04
3.597874131785487074e-03
1.634081873858634010e-03
4.743174854688382742e-03
2.920006213761004287e-03
1.144417359062302681e-03
3.013450362848277991e-04
3.764169766265331937e-03
1.609321581723003138e-04
4.250031799548488433e-04
1.350377699089042993e-03
4.312230241539703290e-04
