8.207560782571296856e-03
2.008338240870116958e-03
7.278570158964954746e-03
1.214659186959225539e-03
1.064231768782710570e-03
9.564756870459289713e-04
2.152008114831700965e-03
4.256493174946465383e-03
1.577401857793296657e-03
5.756407695989913115e-03
7.286793318113204791e-03
4.140268223442650675e-04
2.742005706409832589e-03
3.378136917512424876e-03
6.691643281354873150e-03
5.885024438553605741e-03
2.655915902920586401e-03
2.149667135212845765e-03
2.627102990467861023e-03
1.173709000530099179e-03
9.251742602937052798e-04
1.874029124406620785e-03
3.133623704788332390e-04
6.774003054570407233e-04
2.993889716740329426e-03
1.093734913676742190e-03
2.192233040430446346e-03
9.669324760695273240e-04
1.644916233714073008e-03
1.275636069026566278e-03
3.905186820922595362e-04
2.897700228925062516e-03
4.447976141349908852e-04
2.288306409827294214e-04
2.394878270480996565e-03
1.650947443944245346e-03
2.861248858209119918e-03
1.406139984202176832e-03
2.636808211782619687e-03
2.018447634886477195e-03
1.217086370988263149e-03
2.345070377567606834e-03
4.822142528264402998e-04
3.414218039025103250e-04
1.226964891445727441e-03
1.170525856342071857e-03
1.185225588091486136e-03
3.449423363314000485e-03
3.571151490472578623e-03
2.888956381127435417e-03
7.060218656815128377e-03
8.592945619005280464e-03
4.420960700517474577e-03
2.667853913953183512e-03
1.398514081683880153e-03
5.948456516695913021e-03
3.098880434609731487e-03
1.620174159811269086e-03
4.188532418062484823e-03
1.951482408829210112e-03
6.918010441364541747e-04
1.435019821562620720e-03
8.671790919731424668e-04
5.446517698223683410e-03
2.117671837983845732e-03
5.372366504315623063e-03
