1.042068656289991263e-02
4.451298287967260731e-04
8.938020211762209843e-03
1.523051404770131134e-03
7.954866804388845787e-04
2.729953847681325114e-03
5.991956491964314877e-04
1.195513067969492926e-03
1.059450411871278377e-03
1.073944962828762319e-03
7.932461247540635802e-04
7.024729044136415182e-04
8.910115231678719097e-04
3.656385572437717731e-03
8.438492975212417242e-04
1.382446907470116044e-03
1.186788623266092201e-03
2.573512086221374680e-03
3.311262763504125520e-03
7.164321208035384246e-04
1.064096056676192437e-03
2.511265422250927738e-03
5.318532540381389322e-04
1.404981270152467912e-03
1.565407527522781964e-03
1.929235909580369421e-03
1.229939641964292478e-03
1.003958437941510247e-02
1.020899968806289124e-02
2.322109955918870688e-03
2.417633362607067343e-04
3.676755647107723176e-04
6.179823502776725288e-04
9.224880650302076809e-05
3.487802633124265279e-04
1.247713146200002095e-03
3.449239309518519533e-03
3.690295238556897447e-03
6.037615454163091332e-03
7.587047329638150952e-04
1.199354422317352661e-03
7.401919237128541055e-04
7.520928058933277604e-04
1.699104261378085571e-04
2.979555117875022727e-03
1.280301482937551893e-03
1.369268577562072044e-03
2.789130823272605378e-03
2.423669338651567116e-03
1.452674189178963229e-03
1.609257784870289426e-03
7.671762899836068444e-04
4.798863931131509136e-03
1.524987314995453983e-03
2.378871303902971215e-03
1.170107519290596075e-03
1.640097176792613184e-03
1.829312785419719102e-03
1.232717913412577273e-03
1.124715465604308670e-03
1.755879486051823259e-03
2.483316044389657050e-03
1.439966289035756472e-03
7.910046505999987140e-03
9.820440277575129273e-04
7.271367603577844757e-03
